2015173
2015187
2015195
2015198
2015199
2015200
2015204
2015206
2015209
2015221
2015256
2015281
2015431
2015446
2015517
2015542
2015544
2015561
2015581
2015592
2015594
2015634
2015659
2015660
2015686
2015789
2015805
2015889
2015921
2016005
2016010
2016014
2016019
2016022
2016040
2016052
2016077
2016106
2016114
2016125
2016207
2016317
2016342
2016399
2016431
2016461
2016467
2016469
2016470
2016536
2016539
2016575
2016652
2016670
2016677
2016692
2016907
2016925
2016939
2016959
2016985
2016993
2016994
2016996
2016997
2017126
2017355
2017356
2017357
2017363
2017365
2017374
2017376
2017388
2017481
2017482
2017486
2017493
2017500
2017507
2017546
2017779
2017787
2017851
2017860
2017861
2017867
2017873
2017879
2017885
2017894
2017908
2017918
2017967
2017979
2017981
2017986
2017994
2018012
2018332
2018628
2018781
2018808
2018932
2018934
2018936
2019048
2019056
2019325
2019327
2019526
2019539
2020051
2020061
2020184
2020355
2020469
2020820
2021036
2021117
2021473
2021519
2021521
2021550
2021669
2021838
2021977
2022911
2023041
2023103
2023104
2023190
2023251
2023256
2023580
2023648
2023650
2023697
2023903
2023905
2024273
2024381
2024579
2024613
2024787
2024823
2024832
2024957
2025040
2025110
2025487
2025569
2025574
2025575
2025577
2025775
2025777
2025799
2025808
2025853
2025941
2025998
2026018
2026041
2026192
2026249
2026282
2026320
2026363
2026364
2026514
2026573
2026611
2026695
2026702
2026705
2026742
2026785
2026854
2027017
2027019
2027030
2027031
2027082
2027089
2027096
2027100
2027101
2027119
2027149
2027174
2027176
2027202
2027204
2027211
2027224
2027230
2027240
2027241
2027248
2027253
2027321
2027338
2027345
2027382
2027394
2027396
2027400
2027401
2027402
2027434
2027470
2027490
2027511
2027525
2027534
2027536
2027539
2027555
2027581
2027591
2027613
2027614
2027618
2027624
2027654
2027655
2027658
2027693
2027697
2027706
2027708
2027716
2027726
2027734
2027739
2027747
2027765
2027803
2027805
2027833
2027877
2027878
2027886
2027931
2027937
2027938
2027941
2027942
2027951
2027953
2027957
2027964
2027972
2027973
2027978
2027992
2028036
2028043
2028051
2028055
2028057
2028072
2028073
2028133
2028176
2028188
2028198
2028211
2028212
2028232
2028234
2028253
2028257
2028269
2028282
2028284
2028285
2028286
2028289
2028290
2028292
2028295
2028298
2028300
2028302
2028308
2028310
2028314
2028320
4100821
4100922
4100967
4101590
5001387
7000291
72016651
1000001-B
1000002-B
1000003-B
1000004-B
1000005-B
1000006-B
1000007-B
1000009-B
1000010-B
1000011-B
1000012-B
1000013-B
1000014-B
1000017-B
1000018-B
1000019-B
1000020-B
1000021-B
1000022-B
1000023-B
1000024-B
1000025-B
1000026-B
1000027-B
1000028-B
1000030-B
1000031-B
1000034-B
1000035-B
1000036-B
1000037-B
1000040-B
1000041-B
1000042-B
1000043-B
1000044-B
1000045-B
1000046-B
1000047-B
1000053-B
1000075-B
1000089-B
1000098-B
